46 90 46 58 88 68 30 30 44 90 77 53 48 85 87 76 94 52 80 92 90 134 90 102 132 112 74 74 88 134 121 97 92 129 131 120 138 96 124 136 46 90 46 58 88 68 30 30 44 90 77 53 48 85 87 76 94 52 80 92 58 102 58 70 100 80 42 42 56 102 89 65 60 97 99 88 106 64 92 104 88 132 88 100 130 110 72 72 86 132 119 95 90 127 129 118 136 94 122 134 68 112 68 80 110 90 52 52 66 112 99 75 70 107 109 98 116 74 102 114 30 74 30 42 72 52 14 14 28 74 61 37 32 69 71 60 78 36 64 76 30 74 30 42 72 52 14 14 28 74 61 37 32 69 71 60 78 36 64 76 44 88 44 56 86 66 28 28 42 88 75 51 46 83 85 74 92 50 78 90 90 134 90 102 132 112 74 74 88 134 121 97 92 129 131 120 138 96 124 136 77 121 77 89 119 99 61 61 75 121 108 84 79 116 118 107 125 83 111 123 53 97 53 65 95 75 37 37 51 97 84 60 55 92 94 83 101 59 87 99 48 92 48 60 90 70 32 32 46 92 79 55 50 87 89 78 96 54 82 94 85 129 85 97 127 107 69 69 83 129 116 92 87 124 126 115 133 91 119 131 87 131 87 99 129 109 71 71 85 131 118 94 89 126 128 117 135 93 121 133 76 120 76 88 118 98 60 60 74 120 107 83 78 115 117 106 124 82 110 122 94 138 94 106 136 116 78 78 92 138 125 101 96 133 135 124 142 100 128 140 52 96 52 64 94 74 36 36 50 96 83 59 54 91 93 82 100 58 86 98 80 124 80 92 122 102 64 64 78 124 111 87 82 119 121 110 128 86 114 126 92 136 92 104 134 114 76 76 90 136 123 99 94 131 133 122 140 98 126 138 